0
0
0
0
0
          0
          0
     103545
    1125540
    4968846
   10558725
   15922047
   22725756
   30784970
   35786291
   37286332
   38124788
   35989868
   29805834
   23182123
   15355288
    4605466
   -5396045
  -13967794
  -23465944
  -30989678
  -34806024
  -37840967
  -38673826
  -34995829
  -29995639
  -24014865
  -14521181
   -4410501
    4410501
   14521181
   24014865
   29995639
   34995829
   38673826
   37840967
   34806024
   30989678
   23465944
   13967794
    5396045
   -4605466
  -15355288
  -23182123
  -29805834
  -35989868
  -38124788
  -37286332
  -35786291
  -30784970
  -22622211
  -14796507
   -5589879
    5589879
   14796507
   22622211
   30784970
   35786291
   37286332
   38124788
   35989868
   29805834
   23182123
   15355288
    4605466
   -5396045
  -13967794
  -23465944
  -30989678
  -34806024
  -37840967
  -38673826
  -34995829
  -29995639
  -24014865
  -14521181
   -4410501
    4410501
   14521181
   24014865
   29995639
   34995829
   38673826
   37840967
   34806024
   30989678
   23465944
   13967794
    5396045
   -4605466
  -15355288
  -23182123
  -29805834
  -35989868
  -38124788
  -37286332
  -35786291
  -30784970
  -22622211
  -14796507
   -5589879
    5589879
   14796507
   22622211
   30784970
   35786291
   37286332
   38124788
   35989868
   29805834
   23182123
   15355288
    4605466
   -5396045
  -13967794
  -23465944
  -30989678
  -34806024
  -37840967
  -38673826
  -34995829
  -29995639
  -24014865
  -14521181
   -4410501
    4410501
   14521181
   24014865
   29995639
   34995829
   38673826
   37840967
   34806024
   30989678
   23465944
   13967794
    5396045
   -4605466
  -15355288
  -23182123
  -29805834
  -35989868
  -38124788
  -37286332
  -35786291
  -30784970
  -22622211
  -14796507
   -5589879
    5589879
   14796507
   22622211
   30784970
   35786291
   37286332
   38124788
   35989868
   29805834
   23182123
   15355288
    4605466
   -5396045
  -13967794
  -23465944
  -30989678
  -34806024
  -37840967
  -38673826
  -34995829
  -29995639
  -24014865
  -14521181
   -4410501
    4410501
   14521181
   24014865
   29995639
   34995829
   38673826
   37840967
   34806024
   30989678
   23465944
   13967794
    5396045
   -4605466
  -15355288
  -23182123
  -29805834
  -35989868
  -38124788
  -37286332
  -35786291
  -30784970
  -22622211
  -14796507
   -5589879
    5589879
   14796507
   22622211
   30784970
   35786291
   37286332
   38124788
   35989868
   29805834
   23182123
   15355288
    4605466
   -5396045
  -13967794
  -23465944
  -30989678
  -34806024
  -37840967
  -38673826
  -34995829
  -29995639
  -24014865
  -14521181
   -4410501
    4410501
   14521181
   24014865
   29995639
   34995829
   38673826
   37840967
   34806024
   30989678
   23465944
   13967794
    5396045
   -4605466
  -15355288
  -23182123
  -29805834
  -35989868
  -38124788
  -37286332
  -35786291
  -30784970
  -22622211
  -14796507
   -5589879
    5589879
   14796507
   22622211
   30784970
   35786291
   37286332
   38124788
   35989868
   29805834
   23182123
   15355288
    4605466
   -5396045
  -13967794
  -23465944
  -30989678
  -34806024
  -37840967
  -38673826
  -34995829
  -29995639
  -24014865
  -14521181
   -4410501
    4410501
   14521181
   24014865
   29995639
   34995829
   38673826
   37840967
   34806024
   30989678
   23465944
   13967794
    5396045
   -4605466
  -15355288
  -23182123
  -29805834
  -35989868
  -38124788
  -37286332
  -35786291
  -30784970
  -22622211
  -14796507
   -5589879
    5589879
   14796507
   22622211
   30784970
   35786291
   37286332
   38124788
   35989868
   29805834
   23182123
   15355288
    4605466
   -5396045
  -13967794
  -23465944
  -30989678
  -34806024
  -37840967
  -38673826
  -34995829
  -29995639
  -24014865
  -14521181
   -4410501
    4410501
   14521181
   24014865
   29995639
   34995829
   38673826
   37840967
   34806024
   30989678
   23465944
   13967794
    5396045
   -4605466
  -15355288
  -23182123
  -29805834
  -35989868
  -38124788
  -37286332
  -35786291
  -30784970
  -22622211
  -14796507
   -5589879
    5589879
   14796507
   22622211
   30784970
   35786291
   37286332
   38124788
   35989868
   29805834
   23182123
   15355288
    4605466
   -5396045
  -13967794
  -23465944
  -30989678
  -34806024
  -37840967
  -38673826
  -34995829
  -29995639
  -24014865
  -14521181
   -4410501
    4410501
   14521181
   24014865
   29995639
   34995829
   38673826
   37840967
   34806024
   30989678
   23465944
   13967794
    5396045
   -4605466
  -15355288
  -23182123
  -29805834
  -35989868
  -38124788
  -37286332
  -35786291
  -30784970
  -22622211
  -14796507
   -5589879
    5589879
   14796507
   22622211
   30784970
   35786291
   37286332
   38124788
   35989868
   29805834
   23182123
   15355288
    4605466
   -5396045
  -13967794
  -23465944
  -30989678
  -34806024
  -37840967
  -38673826
  -34995829
  -29995639
  -24014865
  -14521181
   -4410501
    4410501
   14521181
   24014865
   29995639
   34995829
   38673826
   37840967
   34806024
   30989678
   23465944
   13967794
    5396045
   -4605466
  -15355288
  -23182123
  -29805834
  -35989868
  -38124788
  -37286332
  -35786291
  -30784970
  -22622211
  -14796507
   -5589879
    5589879
   14796507
   22622211
   30784970
   35786291
   37286332
   38124788
   35989868
   29805834
   23182123
   15355288
    4605466
   -5396045
  -13967794
  -23465944
  -30989678
  -34806024
  -37840967
  -38673826
  -34995829
  -29995639
  -24014865
  -14521181
   -4410501
    4410501
   14521181
   24014865
   29995639
   34995829
   38673826
   37840967
   34806024
   30989678
   23465944
   13967794
    5396045
   -4605466
  -15355288
  -23182123
  -29805834
  -35989868
  -38124788
  -37286332
  -35786291
  -30784970
  -22622211
  -14796507
   -5589879
    5589879
   14796507
   22622211
   30784970
   35786291
   37286332
   38124788
   35989868
   29805834
   23182123
   15355288
    4605466
   -5396045
  -13967794
  -23465944
0
0
0
0
0
0
